198410	48.1624
 198411	30.816614
 198412	10.582066
 198501	16.097712
 198502	17.763393
 198503	19.397173
 198504	50.40709
 198505	66.70814
 198506	73.54566
 198507	73.94165
 198508	77.12638
 198509	61.58548
 198510	43.75714
 198511	33.445194
 198512	23.60383
 198601	23.137686
 198602	9.137093
 198603	27.161366
 198604	55.952457
 198605	62.577995
 198606	75.6512
 198607	77.62446
 198608	75.39043
 198609	63.19326
 198610	45.240738
 198611	28.345243
 198612	22.826828
 198701	12.812054
 198702	17.043139
 198703	21.748
 198704	41.307472
 198705	65.90951
 198706	77.44035
 198707	76.50816
 198708	72.46619
 198709	58.737675
 198710	42.071297
 198711	28.471802
 198712	23.586826
 198801	15.349259
 198802	12.607145
 198803	30.631502
 198804	50.734364
 198805	61.03634
 198806	78.366196
 198807	80.274025
 198808	75.61284
 198809	62.349094
 198810	46.571445
 198811	31.338226
 198812	24.698427
 198901	20.948034
 198902	23.75062
 198903	32.410885
 198904	49.94815
 198905	59.78559
 198906	75.92836
 198907	79.12581
 198908	74.790764
 198909	63.054607
 198910	48.17826
 198911	33.285923
 198912	27.297276
 199001	19.600376
 199002	21.37119
 199003	40.39701
 199004	52.469654
 199005	61.294926
 199006	71.120735
 199007	76.33063
 199008	69.89237
 199009	63.136547
 199010	46.94187
 199011	38.87301
 199012	23.34281
 199101	22.39911
 199102	17.957994
 199103	31.262825
 199104	53.100624
 199105	64.91646
 199106	76.9335
 199107	80.02088
 199108	72.862915
 199109	61.093243
 199110	53.173187
 199111	33.484753
 199112	20.815403
 199201	23.81068
 199202	21.298588
 199203	29.528824
 199204	48.858154
 199205	60.677578
 199206	72.70742
 199207	75.65819
 199208	71.24694
 199209	63.159252
 199210	45.725327
 199211	35.776104
 199212	21.280386
 199301	22.57484
 199302	17.948023
 199303	28.375696
 199304	47.605476
 199305	62.14937
 199306	70.66816
 199307	76.69598
 199308	73.601494
 199309	57.084274
 199310	45.904613
 199311	16.360958
 199312	20.933216
 199401	22.198458
 199402	3.8665996
 199403	24.045612
 199404	50.939682
 199405	63.194065
 199406	70.99884
 199407	73.78143
 199408	72.62085
 199409	64.99131
 199410	51.595337
 199411	32.905197
 199412	19.264477
 199501	21.288816
 199502	29.871067
 199503	37.802128
 199504	59.532093
 199505	67.19314
 199506	80.349495
 199507	79.1537
 199508	75.90949
 199509	63.23121
 199510	48.871063
 199511	39.654984
 199512	21.077972
 199601	10.196475
 199602	16.278044
 199603	25.238747
 199604	45.566265
 199605	68.33803
 199606	73.968834
 199607	82.045494
 199608	74.55197
 199609	61.68344
 199610	45.639755
 199611	36.05596
 199612	21.626717
 199701	12.622006
 199702	18.385666
 199703	35.125713
 199704	51.57928
 199705	63.535614
 199706	76.727066
 199707	76.789
 199708	74.365204
 199709	58.821327
 199710	53.462883
 199711	31.644915
 199712	18.802908
 199801	15.096361
 199802	14.990006
 199803	30.445139
 199804	49.253975
 199805	64.54428
 199806	81.48029
 199807	82.062386
 199808	77.313545
 199809	62.694748
 199810	48.872227
 199811	28.337563
 199812	25.05615
 199901	24.466991
 199902	29.039572
 199903	34.691635
 199904	54.505287
 199905	60.088
 199906	74.95381
 199907	79.66868
 199908	79.99722
 199909	61.496334
 199910	52.174377
 199911	25.857069
 199912	31.107315
 200001	25.196192
 200002	30.80709
 200003	37.325687
 200004	57.014675
 200005	57.03514
 200006	72.456116
 200007	78.962845
 200008	76.59624
 200009	60.29719
 200010	44.168846
 200011	30.386513
 200012	28.151636
 200101	24.94892
 200102	23.043457
 200103	38.007538
 200104	54.2307
 200105	64.465965
 200106	71.346146
 200107	79.9597
 200108	73.69301
 200109	61.858433
 200110	44.625805
 200111	37.399998
 200112	20.799454
 200201	23.788588
 200202	32.85356
 200203	41.536007
 200204	47.25802
 200205	57.18023
 200206	70.828156
 200207	81.81879
 200208	72.33749
 200209	66.774574
 200210	48.215508
 200211	35.798313
 200212	7.3205633
 200301	21.75976
 200302	16.228697
 200303	27.383873
 200304	47.028824
 200305	65.09062
 200306	66.75651
 200307	76.32614
 200308	77.456085
 200309	62.14744
 200310	51.011425
 200311	34.930424
 200312	28.03227
 200401	23.241392
 200402	27.14026
 200403	39.019756
 200404	49.71716
 200405	64.98434
 200406	72.97407
 200407	75.53172
 200408	77.39747
 200409	65.294815
 200410	48.975277
 200411	37.27704
 200412	26.552155
 200501	23.440151
 200502	17.971025
 200503	31.05447
 200504	51.326687
 200505	69.705765
 200506	73.76667
 200507	78.57509
 200508	74.573135
 200509	67.80855
 200510	51.232132
 200511	36.79588
 200512	29.090313
 200601	5.384114
 200602	17.853565
 200603	35.925625
 200604	52.68038
 200605	63.407913
 200606	79.49072
 200607	75.178406
 200608	80.60353
 200609	63.884453
 200610	49.974518
 200611	33.29296
 200612	28.95807
 200701	33.81542
 200702	24.668653
 200703	34.593155
 200704	49.515736
 200705	66.49749
 200706	74.17903
 200707	78.28494
 200708	81.97714
 200709	64.86556
 200710	49.65017
 200711	30.055933
 200712	18.55915
 200801	9.541369
 200802	18.575094
 200803	42.938694
 200804	54.69741
 200805	63.741577
 200806	71.97367
 200807	79.48067
 200808	77.802505
 200809	60.768143
 200810	50.36524
 200811	38.67334
 200812	22.219362
 200901	15.022582
 200902	24.378958
 200903	36.337273
 200904	46.148903
 200905	62.427258
 200906	78.07816
 200907	79.97918
 200908	70.932274
 200909	65.126305
 200910	51.86057
 200911	35.305923
 200912	24.612183
 201001	13.330109
 201002	16.84246
 201003	33.221504
 201004	50.33554
 201005	68.15918
 201006	80.98925
 201007	85.731544
 201008	81.99815
 201009	67.16663
 201010	46.09212
 201011	43.93703
 201012	33.477425
 201101	18.230104
 201102	11.355555
 201103	29.15519
 201104	48.9374
 201105	65.645874
 201106	74.73739
 201107	85.12047
 201108	76.162025
 201109	62.965923
 201110	48.904655
 201111	26.66556
 201112	23.074553
 201201	17.57635
 201202	5.5934825
 201203	27.894978
 201204	62.349247
 201205	71.51542
 201206	78.27297
 201207	80.053185
 201208	79.8698
 201209	63.86894
 201210	54.387966
 201211	37.312897
 201212	21.245163
 201301	23.206892
 201302	28.30073
 201303	36.824993
 201304	53.6649
 201305	71.067345
 201306	76.25146
 201307	77.55671
 201308	74.66665
 201309	61.633793
 201310	47.938904
 201311	40.301174
 201312	27.09954
 201401	18.972572
 201402	18.621689
 201403	36.58271
 201404	49.721703
 201405	71.66385
 201406	75.49553
 201407	78.58896
 201408	81.81425
 201409	62.68802
 201410	56.24705
